arm-clap_0: [0, 73, 148, 212, 296]
arm-clap_1: [20, 121, 238, 340, 445]
arm-clap_2: [14, 87, 157, 272, 376, 448]
arm-clap_4: [0, 72, 142, 230, 311, 387, 467]
arm-clap_5: [0, 75, 153, 242, 326, 420, 505]
arm-clap_15: [12, 55, 118, 176, 290, 235]
arm-clap_16: [0, 58, 120, 178]
arm-clap_17: [0, 56, 114]
arm-clap_wrong_3: [24, 160, 278, 369, 484]
arm-clap_wrong_4: [10, 98, 176, 256, 321, 399, 484]
arm-clap_wrong_7: [28, 72, 145, 197]
arm-clap_wrong_8: [18, 166, 294, 390, 497] 
double-lunges_0: [0, 192, 375]
double-lunges_1: [62, 272, 452, 640]
double-lunges_2: [67, 281, 506]
double-lunges_4: [0, 185, 380, 580, 758, 949] 
double-lunges_5: [0, 169, 331, 497, 674, 854]
double-lunges_6: [0, 160]
double-lunges_15: [0, 146, 292]
double-lunges_16: [0, 265, 134]
double-lunges_17: [0, 146]
double-lunges_wrong_3: [6, 254, 460, 695, 897]
double-lunges_wrong_4: [0, 180, 386, 596, 782] 
dumbbell-curl_0: [0, 79, 165, 255, 338]
dumbbell-curl_1: [7, 105, 199, 292, 374]
dumbbell-curl_4: [0, 93, 197, 282, 369, 466, 548]
dumbbell-curl_5: [0, 87, 177, 258, 345, 430, 505]
dumbbell-curl_16: [0, 82, 42]
dumbbell-curl_17: [0, 53, 112] 
dumbbell-curl_wrong_3: [13, 100, 217, 321, 412, 498]
dumbbell-curl_wrong_4: [30, 124, 222, 308, 368]
dumbbell-curl_wrong_7: [6, 78, 136, 199, 255]
dumbbell-curl_wrong_8: [30, 89, 168, 255, 336]
push-ups0_0: [0, 95, 194, 286]
push-ups0_1: [122, 214, 298, 392]
push-ups0_4: [0, 68, 126, 187]  
push-ups0_5: [0, 68]
push-ups0_11: [0, 52, 100, 147]
push-ups0_16: [0, 52, 105, 160, 218]
push-ups0_17: [0, 37, 82, 130] 
push-ups0_wrong_3: [29, 107, 200, 270, 337, 380]
push-ups0_wrong_8: [16, 104, 225, 315, 410] 
push-ups45_0: [0, 82, 168, 252, 318]
push-ups45_1: [83, 161, 238, 325, 404]
push-ups45_4: [447, 508, 570, 635, 700, 760] 
push-ups45_5: [0, 62, 133]
push-ups45_12: [0, 71]
push-ups45_13: [0, 47]
push-ups45_wrong1_11: [0, 130, 235]
push-ups45_wrong2_11: [0, 62, 148, 228]  
push-ups45_wrong_3: [22, 96, 157, 222, 337, 432, 532]
push-ups45_wrong_8: [0, 94, 160, 277]
push-ups45_wrong_14: [0, 45, 94, 143, 185] 
push-ups90_0: [0, 76, 152, 236, 316]
push-ups90_1: [88, 169, 260, 342, 422]
push-ups90_4: [0, 68, 131, 196] 
push-ups90_5: [178, 246, 317]
push-ups90_11: [0, 64, 150, 225, 308]
push-ups90_13: [0, 45, 88]
push-ups90_14: [0, 83, 186]
push-ups90_15: [0, 151, 50]
push-ups90_16: [0, 58, 118, 190]
push-ups90_17: [0, 51, 149, 99]
push-ups90_wrong_3: [42, 125, 186, 277, 393]
push-ups90_wrong_8: [0, 60, 114, 226, 273]
push-ups90_wrong_11: [0, 80, 154]
push-ups90_wrong_14: [0, 84, 173, 241]
push-ups90_wrong1_11: [0, 80, 158, 228, 293]
push-ups90_wrong1_14: [0, 97, 195]
push-ups90_wrong2_14: [0, 48, 93]
single-lunges_0: [0, 95, 195, 299, 394]
single-lunges_1: [25, 122, 225, 326, 419]
single-lunges_2: [139, 261, 382]
single-lunges_4: [0, 100, 200, 304, 406, 513] 
single-lunges_5: [0, 100, 193, 280, 375]
single-lunges_15: [0, 68, 146, 227, 303, 382] 
single-lunges_wrong_3: [9, 116, 223, 326, 446, 556, 668]
single-lunges_wrong_4: [0, 99, 273, 380, 504, 608, 723] 
squat0_0: [0, 102, 213, 323, 430]
squat0_1: [6, 108, 205, 301, 408]
squat0_2: [0, 80, 162, 248, 325]
squat0_4: [0, 84, 175, 263, 342, 430, 516]  
squat0_5: [0, 83, 170, 260, 360, 451]
squat0_9: [0, 93, 200, 318]
squat0_15: [0, 55, 127, 202, 276]
squat0_16: [0, 76, 147, 230, 291]
squat0_17: [0, 65, 128] 
squat0_wrong_3: [78, 165, 276, 356, 480]
squat0_wrong_7: [23, 79, 134, 190]
squat0_wrong_8: [50, 148, 248, 340, 450]
squat45_0: [0, 114, 221, 329, 417] 
squat45_1: [6, 117, 228, 348, 450, 550]
squat45_2: [0, 75, 157, 252, 330]
squat45_4: [0, 78, 165, 242, 330, 410] 
squat45_5: [0, 86, 181, 280, 376, 468]
squat45_6: [0, 66] 
squat45_wrong_3: [62, 171, 300, 448]
squat45_wrong_4: [55, 150, 224, 300, 369]  
squat45_wrong_7: [0, 62, 118, 182]
squat45_wrong_8: [0, 95, 179, 285, 380] 
squat90_0: [0, 101, 206, 309, 420]
squat90_1: [40, 145, 254, 360, 466]
squat90_2: [0, 76, 168, 255]
squat90_4: [0, 96, 186, 262] 
squat90_5: [0, 90, 185, 280, 378]
squat90_9: [0, 134, 272]
squat90_10: [0, 90, 198]
squat90_15: [0, 67, 143, 210, 282, 353]
squat90_16: [0, 70, 148, 219]
squat90_17: [0, 67, 145, 224] 
squat90_wrong_3: [0, 104, 178, 290, 420]
squat90_wrong_7: [32, 92, 156, 215]
squat90_wrong_8: [30, 104, 198, 312, 444]
squat90_wrong_10: [0, 56, 123, 195, 260, 330]
